1.1842
1.1945
1.6535
0.9582
1.2195
1.6395
1.3230
1.9718
1.7131
1.9644
1.8281
0.9160
1.9990
1.8981
1.2246
1.1945
1.8699
1.3839
1.2745
1.7699
1.8748
1.0576
1.0440
1.8599
1.6111
1.1430
1.7881
1.7611
1.8462
1.2693
1.6472
1.6111
1.7703
1.2745
1.8699
1.9988
1.5592
1.5718
1.4499
1.3050
1.8117
1.0173
1.1430
1.8306
1.8876
1.3230
1.2195
1.4681
1.9798
1.5166
1.5932
1.7325
0.9852
1.5718
1.7611
1.5721
1.0440
1.0725
1.6539
1.8281
1.6980
1.8810
1.5789
1.5592
1.9618
0.9160
1.5378
1.4446
1.3616
1.9990
1.5166
1.3179
1.0766
1.8981
1.0542
1.1498
0.9440
1.2246
1.4251
1.0556
1.0440
1.1945
1.8096
1.8504
1.6535
1.8699
1.7778
1.9453
1.8599
1.3839
1.6980
0.9948
0.9838
1.2745
1.6395
1.6883
1.9988
1.7699
1.2308
1.5102
1.9644
0.9263
2.0630
1.5166
1.8212
1.5757
1.1084
1.3096
0.9440
1.0440
1.6535
1.8599
0.9838
1.9988
1.2188
1.7770
1.8281
1.5592
1.4446
1.8699
1.4499
1.1430
1.2195
1.5932
1.7611
1.6539
1.5789
1.5378
1.5166
1.0542
1.4251
1.8096
1.7778
1.6980
1.6395
1.2308
1.0725
1.8981
1.3839
2.0630
1.0139
1.0143
1.8212
1.7703
1.2466
1.8655
1.5757
1.8144
1.3263
1.8928
0.9263
1.9846
1.4550
1.6034
1.3096
0.9566
1.9711
1.0448
1.3583
1.8306
1.7035
0.9263
1.1842
1.8876
1.6472
1.1584
1.5027
1.3230
1.8019
0.9490
1.0856
1.2195
1.6111
1.4974
1.0143
1.4681
1.6035
1.8127
1.8212
1.9798
1.7550
1.4143
1.7703
1.9718
1.4967
1.4534
1.2466
0.9186
0.9582
1.7611
1.8655
1.2532
1.3050
1.3234
1.5757
1.1939
1.8117
1.8462
1.8144
1.7131
1.0173
1.1525
1.2532
1.8991
1.0143
1.6034
1.9350
1.3179
1.1498
1.0556
1.8504
1.9453
0.9948
1.6883
1.5102
1.9820
1.6539
1.5789
1.1195
1.8625
1.8669
1.1945
1.8504
1.8699
1.9453
1.3839
0.9948
1.2745
1.6883
1.7699
1.5102
1.8748
1.9820
1.0576
1.6539
1.6980
1.5789
1.9618
1.5378
1.3616
1.5166
1.0766
1.0542
1.8625
1.3974
1.8889
1.1935
1.3914
1.0903
1.2897
1.4884
1.5422
1.0766
1.7949
1.7952
1.8127
1.3263
1.8212
1.6145
1.9798
1.1430
1.7550
1.2693
1.4143
1.8928
1.7703
1.8991
1.9718
1.8306
1.4967
1.7035
1.4534
0.9263
1.2466
1.1842
0.9186
1.8876
0.9582
1.6472
1.7611
1.1584
1.8655
1.5027
1.2532
1.3230
1.3050
1.8019
1.3234
0.9490
1.5757
1.0856
1.1939
1.2195
1.8117
1.6111
1.8462
1.4974
1.8144
1.0143
1.7131
1.4681
1.0173
1.6035
1.1525
1.8127
1.3263
1.8212
1.6145
1.9798
1.1430
1.7550
1.2693
1.4143
1.8928
1.7703
1.8991
1.9718
1.8306
1.4967
1.7035
1.4534
0.9263
1.2466
1.1842
0.9186
1.8876
0.9582
1.6472
1.7611
1.1584
1.8655
1.5027
1.2532
1.3230
1.3050
1.8019
1.3234
0.9490
1.5757
1.0856
1.1939
0.9566
1.2273
1.6034
1.9644
1.3096
1.4673
0.9566
1.3880
1.9670
1.1195
1.7748
1.7325
1.8669
1.0517
1.4704
1.7696
1.4673
1.3914
1.9238
1.5880
0.9566
1.0903
1.6128
1.4456
1.3880
1.2897
1.5932
1.9061
1.9670
1.4550
1.0448
1.0578
1.1195
1.0028
1.6821
1.3926
1.7748
1.1950
1.0139
1.8508
1.1498
1.5592
1.8599
1.9918
1.7754
1.8504
1.4974
1.7231
1.6980
1.3535
1.2090
1.5639
1.0556
0.9490
1.2308
1.9644
1.0542
1.0517
1.8508
1.5166
1.7097
1.9711
1.7907
1.4884
1.3047
1.9619
1.5764
1.3246
1.8467
1.4614
1.2883
1.5980
1.7518
1.5817
1.6933
1.6159
1.5422
1.0712
1.6700
1.4511
1.3151
1.7325
1.5721
1.6914
1.3535
1.1159
1.8530
1.3144
1.1808
1.3726
1.5639
1.4499
1.4185
1.8191
1.8677
1.8455
1.5728
1.3489
1.5852
1.9644
0.9128
1.1396
1.3583
1.2591
1.1310
1.0536
1.5214
1.0034
1.5166
1.7097
1.9711
1.7907
1.4884
1.3047
1.9619
1.5764
1.3246
1.8467
1.4614
1.2883
1.5980
1.7518
1.5817
1.6933
1.6159
1.5422
1.0712
1.6700
1.4511
1.3151
1.7325
1.5721
1.6914
1.3535
1.1159
1.8530
1.3144
1.1808
1.3726
1.5639
1.4499
1.4185
1.8191
1.8677
1.8455
1.5728
1.3489
1.5852
1.9644
0.9128
1.1396
1.3583
1.3359
1.1310
1.0536
1.5214
1.0034
1.5166
1.7097
1.9711
1.7907
1.4884
1.3047
1.9619
1.5764
1.3246
1.8467
1.4614
1.2883
1.5980
1.7518
1.5817
1.6933
1.6159
1.5422
1.0712
1.6700
1.4511
1.3151
1.7325
1.5721
1.6914
1.3535
1.1159
1.8530
1.3144
1.1808
1.3726
1.5639
1.4499
1.4185
1.8191
1.8677
1.8455
1.5728
1.3489
1.5852
1.9644
0.9128
1.2068
1.3583
1.2591
1.1310
1.0536
1.5214
1.0034
1.5166
1.7097
1.9711
1.7907
1.4884
1.3047
1.9619
1.5764
1.3246
1.8467
1.4614
1.2883
1.5980
1.7518
1.5817
1.6933
1.6159
1.5422
1.0712
1.6700
1.4511
1.3151
1.7325
1.5721
1.6914
1.3535
1.1159
1.8530
1.3144
1.1808
1.3726
1.5639
1.4499
1.4185
1.8191
1.8677
1.8455
1.5728
1.3489
1.5852
1.9644
0.9128
1.1396
1.3583
1.2591
1.1310
1.0536
1.5214
1.0034
1.5166
1.7279
1.9711
1.7907
1.4884
1.3047
1.9619
1.5764
1.3246
1.8467
1.4614
1.2883
1.5980
1.7518
1.5817
1.6933
1.6411
1.5422
1.0712
1.6700
1.4511
1.3151
1.7325
1.5721
1.6914
1.3535
1.1159
1.8530
1.3144
1.1808
1.3726
1.5639
1.4499
1.4185
1.8191
1.8677
1.8455
1.5728
1.3489
1.5852
1.9644
0.9128
1.1396
1.3583
1.2591
1.1310
1.0536
1.5214
1.0034
1.5166
1.7097
1.9711
1.7907
1.4884
1.3047
1.9619
1.5764
1.3246
1.8467
1.4614
1.2883
1.5980
1.7518
1.5817
1.6933
1.6159
1.5422
1.0712
1.6700
1.4511
1.3151
1.7325
1.5721
1.6914
1.3535
1.1159
1.8530
1.3144
1.1808
1.3726
1.5639
1.4499
1.4185
1.8191
1.8677
1.8455
1.5728
1.3489
1.5852
1.9644
0.9128
1.1396
1.3583
1.2591
1.1310
1.0536
1.5214
1.0034
1.5166
1.7097
1.9711
1.7907
1.4884
1.3047
1.9619
1.5764
1.3246
1.8467
1.4614
1.2883
1.5980
1.7518
1.5817
1.6933
1.6159
1.5422
1.0712
1.6700
1.4511
1.3151
1.7325
1.5721
1.6914
1.3535
1.1159
1.8530
1.3144
1.1808
1.3726
1.5639
1.4499
1.4185
1.8191
1.8677
1.8455
1.5728
1.3489
1.5852
1.9644
0.9128
1.1396
1.3583
1.2591
1.1310
1.0536
1.5214
1.0034
1.7611
1.9988
1.0143
1.3234
1.6035
1.8530
1.2188
1.8281
1.4446
1.1498
1.8504
1.5027
1.3839
1.9988
1.4446
1.5102
1.9718
1.3974
1.8117
1.1430
1.8876
1.2195
1.9798
0.9186
1.0766
1.7770
1.8810
1.2246
1.2745
1.9238
1.2195
1.4681
1.9798
1.9718
0.9186
1.2532
1.1939
1.7131
1.6145
1.8991
1.1842
1.3974
1.2823
1.4704
1.1084
1.6128
1.3246
1.1842
1.1525
1.8117
1.8462
1.8144
1.7131
1.0173
1.1525
1.3263
1.6145
1.1430
1.2693
1.8928
1.8991
1.8306
1.7035
0.9263
1.1842
1.8876
1.6472
1.1584
1.5027
1.3230
1.8019
0.9490
1.0856
1.2195
1.6111
1.4974
1.0143
1.4681
1.6035
1.8127
1.8212
1.9798
1.7550
1.4143
1.7703
1.9718
1.4967
1.4534
1.2466
0.9186
0.9582
1.5166
1.1945
1.4143
1.0725
0.9852
1.6535
1.5932
1.0173
1.3880
0.9582
1.8117
1.2332
1.8975
1.2195
1.5027
1.3839
1.9350
1.6395
1.8810
1.8625
1.9988
1.3230
1.2195
1.4681
1.9798
1.9718
0.9186
1.2532
1.1939
1.7131
1.6145
1.8991
1.6128
1.9644
1.8669
1.4704
1.1084
1.8281
1.5852
1.5592
1.9618
0.9160
1.5378
1.4446
1.3616
1.9990
1.5166
1.3179
1.0766
1.8981
1.0542
1.1498
0.9440
1.2246
1.4251
1.0556
1.0440
1.1945
1.8096
1.8504
1.6535
1.8699
1.7778
1.9453
1.8599
1.3839
1.6980
0.9948
0.9838
1.2745
1.6395
1.6883
1.9988
1.7699
1.2308
1.5102
1.2188
1.8748
1.3288
1.9820
1.7770
1.0576
1.7703
1.8117
1.9798
1.0440
1.9618
1.0766
1.0440
1.8599
1.9988
0.9160
1.7699
1.6111
1.7550
0.9582
1.8117
1.1430
1.8876
0.9852
1.4673
1.7881
1.9718
1.4534
0.9186
1.7611
1.2532
1.3234
1.1939
1.8462
1.7131
1.1525
1.6145
1.2693
1.8991
1.7035
1.1842
1.6472
1.5027
1.8019
1.0856
1.6111
1.0143
1.6035
1.7131
1.7703
1.9990
1.2246
1.8699
1.2745
1.8748
1.6980
1.6714
1.8699
1.6535
1.8599
0.9838
1.9988
1.2188
1.7770
1.8281
1.5592
1.4446
1.3179
1.9670
1.5718
1.7696
1.4456
1.9618
1.4499
1.7611
1.8655
1.2532
1.3050
1.3234
1.5757
1.1939
1.8117
1.8462
1.8144
1.7131
1.0173
1.1525
1.3263
1.6145
1.1430
1.2693
1.8928
1.8991
1.8306
1.7035
0.9263
1.1842
1.8876
1.6472
1.1584
1.5027
1.3230
1.8019
0.9490
1.0856
1.2195
1.6111
1.4974
1.0143
1.4681
1.6035
1.8127
1.8212
1.9798
1.7550
1.4143
1.7703
1.5166
1.0517
2.0630
1.9238
1.5932
1.6821
1.1195
1.6034
1.7325
1.7231
1.6714
1.9846
0.9852
1.7949
1.8625
1.3974
1.5718
1.8889
1.9350
1.1935
1.7611
1.7325
1.8669
1.9350
1.5721
1.8530
1.8699
1.8876
1.0440
1.0536
1.1945
1.9990
1.0725
1.6395
1.8096
1.5166
1.6539
1.6883
1.8504
1.3179
1.8281
1.9988
1.6535
1.0766
1.6980
1.7699
1.8699
1.8981
1.8810
1.2308
1.7778
1.0542
1.5789
1.5102
1.9453
1.1498
1.5592
1.2188
1.8599
0.9440
1.9618
1.8748
1.3839
1.2246
0.9160
1.3288
1.6980
1.4251
1.5378
1.9820
0.9948
1.0556
1.4446
1.7770
0.9838
1.0440
1.3616
1.0576
1.2745
1.1945
1.9990
1.0725
1.6395
1.8096
1.5166
1.6539
1.6883
1.8504
1.3179
1.8281
1.9988
1.6535
1.0766
1.6980
1.7699
1.8699
1.8981
1.8810
1.2308
1.7778
1.0542
1.5789
1.5102
1.9453
1.1498
1.5592
1.2188
1.8599
0.9440
1.9618
1.8748
1.3839
1.2246
0.9160
1.3288
1.6980
1.4251
1.5378
2.0634
0.9948
1.0556
1.4446
1.7770
0.9838
1.0440
1.3616
1.0576
1.2745
1.1945
1.9990
1.0725
1.6395
1.8096
1.5166
1.6539
1.6883
1.8504
1.3179
1.8281
1.9988
1.6535
1.0766
1.6980
1.7699
1.8699
1.8981
1.8810
1.2308
1.7778
1.0542
1.5789
1.5102
1.9453
1.1498
1.5592
1.2188
1.8599
0.9440
1.9618
1.8913
1.3839
1.2246
0.9160
1.3288
1.6980
1.4251
1.5378
1.9820
0.9948
1.0556
1.4446
1.7770
0.9838
1.0440
1.3616
1.0576
1.2745
1.1945
1.9990
1.0725
1.6395
1.8096
1.5166
1.6539
1.6883
1.8504
1.3179
1.8281
1.9988
1.6535
1.0766
1.6980
1.7699
1.8699
1.8981
1.8810
1.2308
1.7778
1.0542
1.5789
1.5102
1.9453
1.1945
1.3050
1.9644
1.2466
1.5757
1.3263
0.9263
0.9490
1.9670
1.1945
2.0630
1.6980
1.1513
1.8981
1.5166
1.5027
1.0856
1.0143
1.8212
1.7703
1.2466
1.8655
1.5757
1.8144
1.3263
1.8928
1.1084
1.2273
1.7952
1.6083
1.3096
1.3926
1.4143
1.1498
0.9440
1.2246
1.4251
1.0556
1.0440
1.1945
1.8096
1.8504
1.6535
1.8699
1.7778
1.9453
1.8599
1.3839
1.6980
0.9948
0.9838
1.2745
1.6395
1.6883
1.9988
1.7699
1.2308
1.5102
1.2188
1.8748
1.3288
1.9820
1.7770
1.0576
1.0725
1.6539
1.8281
1.6980
1.8810
1.5789
1.5592
1.9618
0.9160
1.5378
1.4446
1.3616
1.7703
1.2745
1.8699
1.9988
1.5592
1.5718
1.4499
1.3050
1.8117
1.0173
1.1430
1.8306
1.8876
1.3230
1.2195
1.4681
1.9798
1.5166
1.5932
1.7325
0.9852
1.5718
1.7611
1.5721
1.0440
1.0725
1.6539
1.8281
1.6980
1.8810
1.5789
1.5592
1.9618
0.9160
1.5378
1.4446
1.3616
1.9990
1.5166
1.3179
1.0766
1.8981
1.0542
1.1498
0.9440
1.2246
1.4251
1.0556
1.0440
1.1945
1.8096
1.8504
1.6535
1.8699
1.7778
1.9453
1.8599
1.3839
1.6980
0.9948
0.9838
1.2745
1.6395
1.6883
1.9988
1.7699
1.2308
1.5102
1.5166
1.5718
1.0725
1.8810
0.9160
1.9990
1.8981
1.2246
1.1945
1.8699
1.3839
1.2745
1.7699
1.5718
2.0630
1.9238
1.5932
1.3230
1.0139
1.2195
1.6111
1.4974
1.0143
1.4681
1.6035
1.8127
1.8212
1.9798
1.7550
1.4143
1.7703
1.9718
1.4967
1.4534
1.2466
0.9186
0.9582
1.7611
1.8655
1.2532
1.3050
1.3234
1.5757
1.1939
1.8117
1.8462
1.8144
1.7131
1.0173
1.1525
1.3263
1.6145
1.1430
1.2693
1.8928
1.8991
1.8306
1.7035
0.9263
1.1842
1.8876
1.6472
1.9846
1.3974
1.1935
1.0903
1.4550
1.2823
0.9852
1.5718
1.6034
1.4704
1.9644
2.0630
1.3096
1.1084
1.4673
1.9238
0.9566
1.6128
1.3880
1.5932
1.9711
1.3246
1.6883
1.3230
1.0448
1.1842
1.5880
1.0139
1.3583
1.1525
1.9718
1.2195
1.8306
1.8117
1.4967
1.6111
1.7035
1.8462
1.4534
1.4974
0.9263
1.8144
1.2466
1.0143
1.1842
1.7131
0.9186
1.4681
1.8876
1.0173
0.9582
1.6035
1.6472
1.1525
1.7611
1.8127
1.1622
1.3263
1.8655
1.8212
1.5027
1.6145
1.2532
1.9798
1.3230
1.1430
1.3050
1.7550
1.8019
1.2693
1.3234
1.4143
0.9490
1.8928
1.5757
1.7703
1.0856
1.8991
1.1939
1.9813
1.2195
1.8306
1.8117
1.4967
1.6111
1.7035
1.8462
1.4534
1.4974
0.9263
1.9000
1.2466
1.0143
1.1842
1.7131
0.9186
1.4681
1.8876
1.0173
0.9582
1.6035
1.6472
1.1525
1.7611
1.8127
1.1584
1.3263
1.8655
1.8212
1.5027
1.6145
1.2532
1.9798
1.3230
1.2332
1.3050
1.7550
1.8019
1.2693
1.3234
1.4143
0.9490
1.8928
1.5757
1.7703
1.0856
1.8991
1.1939
1.9718
1.2195
1.8306
1.8117
1.4967
1.6111
1.7035
1.8462
1.4534
1.4974
0.9263
1.8144
1.2466
1.0143
1.1842
1.7131
0.9186
1.4681
1.8975
1.0173
0.9582
1.6035
1.6472
1.1525
1.7611
1.8127
1.1584
1.3263
1.8655
1.8212
1.5027
1.6145
1.2532
1.9798
1.3230
1.1430
1.3050
1.7550
1.8019
1.2693
1.3234
1.4143
0.9490
1.8928
1.5757
1.7703
1.0856
1.8991
1.1939
1.9718
1.2195
1.8306
1.8117
1.4967
1.6111
1.7035
1.8462
1.4534
1.4974
0.9263
1.8144
1.2466
1.0143
1.1842
1.7131
0.9186
1.4681
1.8876
1.0173
0.9582
1.6035
1.6472
1.1525
1.5166
1.9670
1.9618
1.2532
1.1939
1.7131
1.6145
1.8991
1.1842
1.5027
1.0856
1.0143
1.8212
1.7703
1.9238
1.6034
1.9846
1.3974
1.1935
1.9350
1.8876
1.9990
1.5166
1.3179
1.0766
1.8981
1.0542
1.1498
0.9440
1.2246
1.4251
1.0556
1.0440
1.1945
1.8096
1.8504
1.6535
1.8699
1.7778
1.9453
1.8599
1.3839
1.6980
0.9948
0.9838
1.2745
1.6395
1.6883
1.9988
1.7699
1.2308
1.5102
1.2188
1.8981
1.3288
1.9820
1.7770
1.0576
1.0725
1.6539
1.8281
1.6980
1.8810
1.5789
1.5166
2.0630
1.5932
1.1195
1.7325
1.6714
0.9852
1.8625
1.5718
1.9350
1.7611
1.8669
1.5721
1.8699
1.0440
1.1945
1.0725
1.8096
1.6539
1.8504
1.8281
1.6535
1.6980
1.8699
1.8810
1.7778
1.5789
1.9453
1.5592
1.8599
1.9618
1.3839
0.9160
1.6980
1.5378
0.9948
1.4446
0.9838
1.3616
1.2745
1.9990
1.6395
1.5166
1.6883
1.3179
1.9988
1.0766
1.7699
1.8981
1.2308
1.0542
1.5102
1.1498
1.2188
0.9440
1.8748
1.2246
1.3288
1.4251
1.9820
1.0556
1.7770
1.0440
1.0576
1.1945
1.0725
1.8096
1.6539
1.8504
1.8281
1.6535
1.6980
1.8699
1.8810
1.7778
1.5789
1.9453
1.5592
1.8599
1.9618
1.3839
0.9160
1.6980
1.5378
0.9948
1.4446
0.9838
1.3616
1.2745
1.9990
1.6395
1.5166
1.6883
1.3179
1.9988
1.0766
1.7699
1.8981
1.2308
1.0542
1.5102
1.9670
0.9852
1.8625
1.5718
1.8625
1.6034
1.3974
1.4704
1.5718
1.9644
1.8889
2.0630
1.9350
1.3096
1.1935
1.1084
1.7696
1.4673
1.3914
1.9238
1.5880
0.9566
1.0903
1.6128
1.4456
1.3880
1.2897
1.5932
1.5166
1.9711
1.4884
1.3246
1.9618
1.6883
1.5422
1.3230
1.9988
1.0448
1.0766
1.1842
1.4499
1.5880
1.7949
1.0139
1.7778
1.3583
1.7952
1.1525
1.7611
1.9718
1.8127
1.2195
1.1584
1.8306
1.3263
1.8117
1.8655
1.4967
1.8212
1.6111
1.5027
1.7035
1.6145
1.8462
1.2532
1.4534
1.9798
1.4974
1.3230
0.9263
1.1430
1.8144
1.3050
1.2466
1.7550
1.0143
1.8019
1.1842
1.2693
1.7131
1.3234
0.9186
1.4143
1.4681
0.9490
1.9113
1.8928
1.0173
1.5757
0.9582
1.7703
1.6035
1.0856
1.6472
1.8991
1.1525
1.1939
1.7611
1.9718
1.8127
1.2195
1.1584
1.8306
1.3263
1.8117
1.8655
1.4967
1.8212
1.6111
1.5027
1.7035
1.6145
1.8462
1.2532
1.4534
1.9798
1.4974
1.3230
0.9263
1.1430
1.8144
1.3050
1.2466
1.7550
1.0143
1.8019
1.1842
1.2693
1.7131
1.3234
0.9186
1.4143
1.4681
0.9490
1.8876
1.8928
1.0173
1.5757
0.9582
1.7703
1.6035
1.0856
1.6472
1.8991
1.1525
1.1939
1.7611
1.9718
1.8127
1.2195
1.1584
1.8306
1.3263
1.8117
1.8655
1.4967
1.8212
1.6111
1.5027
1.7035
1.6145
1.8462
1.2532
1.4534
1.9798
1.4974
1.3230
0.9263
1.1430
1.8144
1.3050
1.2466
1.7550
1.0143
1.8019
1.1842
1.2693
1.7131
1.3234
0.9186
1.4143
1.4681
0.9490
1.8876
1.8928
1.0173
1.5757
0.9582
1.7703
1.6035
1.0856
1.6472
1.8991
1.1525
1.1939
1.7611
1.9718
1.8127
1.2195
1.1584
1.8306
1.3263
1.8117
1.8655
1.4967
1.8212
1.6111
1.5027
1.7035
1.6145
1.8462
1.2532
1.4534
1.9798
1.4974
1.3230
0.9263
1.2332
1.8144
1.3050
1.2466
1.7550
1.0143
1.8019
1.1842
1.2693
1.7131
1.3234
0.9186
1.4143
1.4681
0.9490
1.8876
1.8928
1.0173
1.5757
0.9582
1.7703
1.6035
1.0856
1.6472
1.8991
1.1525
1.1939
1.7611
1.9718
1.8127
1.2195
1.1584
1.8306
1.3263
1.8117
1.8655
1.4967
1.8212
1.6111
1.5027
1.7035
1.6145
1.8462
1.2532
1.4534
1.9798
1.4974
1.3230
0.9263
1.1430
1.8144
1.3050
1.2466
1.7550
1.0143
1.8019
1.1842
1.2693
1.7131
1.3234
0.9186
1.4143
1.4681
0.9490
1.8876
1.8928
1.0173
1.5757
0.9582
1.7703
1.6035
1.0856
1.6472
1.8991
1.1525
1.1939
1.7611
1.9718
1.8127
1.2195
1.1584
1.8306
1.3263
1.8117
1.8655
1.4967
1.8212
1.6111
1.5027
1.7035
1.6145
1.8462
1.2532
1.4534
1.9798
1.4974
1.3230
0.9263
1.1430
1.8144
1.3050
1.2466
1.7550
1.0143
1.8019
1.1842
1.2693
1.7131
1.3234
0.9186
1.4143
1.4681
0.9490
1.8876
1.8928
1.0173
1.5757
0.9582
1.7703
1.6035
1.0856
1.6472
1.8991
1.1525
1.1939
1.7611
1.9718
1.8127
1.2195
1.1584
1.8306
1.3263
1.8117
1.8655
1.4967
1.8212
1.6111
1.5027
1.7035
1.6145
1.8462
1.2532
1.4534
1.9798
1.4974
1.3230
0.9263
1.1430
1.8144
1.3050
1.2466
1.7550
1.0143
1.8019
1.1842
1.2693
1.7131
1.3234
0.9186
1.4143
1.4681
0.9490
1.8876
1.8928
1.0173
1.5757
0.9582
1.7703
1.6035
1.0856
1.6472
1.8991
1.1525
1.1939
1.5166
1.5166
1.8144
0.9566
1.9846
1.8669
0.9852
1.2273
1.7949
1.0517
1.8625
1.6034
1.3974
1.4704
1.5718
1.9644
1.8889
2.0630
1.9350
1.3096
1.1935
1.1084
1.7696
1.4673
1.3914
1.9238
1.5880
0.9566
1.0903
1.6128
1.4456
1.3880
1.2897
1.5932
1.9061
1.9670
1.4550
1.0448
1.0578
1.1195
1.0028
1.6821
1.3926
1.7748
1.2823
1.0139
1.8508
1.7325
1.9670
1.1195
1.9846
1.8669
0.9852
1.2273
1.7949
1.0517
1.8625
1.6034
1.3974
1.4704
1.5718
1.9644
1.9061
1.7696
1.8625
1.7325
1.9670
1.4673
1.6034
1.7754
1.4550
1.3914
1.3974
1.7231
1.0448
1.9238
1.4704
1.9862
1.0578
1.5880
1.5718
1.6714
1.1195
0.9566
1.9644
1.7952
1.0028
1.0903
1.8889
1.9846
1.6821
1.6128
2.0630
1.8669
1.3926
1.4456
1.9350
0.9852
1.7748
1.3880
1.3096
1.2273
1.1950
1.2897
1.1935
1.7949
1.0139
1.5932
1.1084
1.0517
1.8508
1.9061
1.7696
1.8625
1.7325
1.9670
1.4673
1.6034
1.7754
1.4550
1.3914
1.3974
1.7231
1.0448
1.9238
1.4704
1.9862
1.0578
1.5880
1.5718
1.6714
1.1195
0.9566
1.9644
1.7952
1.0028
1.0903
1.8889
1.9846
1.6821
1.6128
2.0630
1.8669
1.3926
1.4456
1.9350
0.9852
1.7748
1.3880
1.3096
1.2273
1.1950
1.2897
1.1935
1.7949
1.0139
1.5932
1.1084
1.0517
1.8508
1.5166
1.7611
1.5166
1.1498
1.9711
1.8127
1.8687
1.5592
1.4884
1.7325
1.5764
1.8599
1.3246
1.4967
1.4673
1.9918
1.9618
1.8669
1.7035
1.7754
1.6883
1.3926
1.4550
1.8504
1.5422
1.9350
1.6700
1.4974
1.3230
1.8281
0.9263
1.7231
1.9988
1.5721
1.8144
1.6980
1.0448
1.6914
1.6535
1.3535
1.0766
1.8530
1.5378
1.2090
1.1842
1.9862
1.1950
1.5639
1.4499
1.8699
0.9186
1.0556
1.5880
1.4143
1.4446
0.9490
1.7949
1.8876
1.6714
1.2308
1.0139
1.5852
0.9838
1.9644
1.7778
1.0440
0.9566
1.0542
1.3583
1.3616
1.0856
1.0517
1.7952
1.0536
1.5102
1.8508
1.1525
1.1939
1.9061
1.5166
1.7611
1.1945
1.0903
1.7097
1.9718
1.1498
1.7696
1.9711
1.8127
1.9990
1.8889
1.7907
1.3052
1.5592
1.8625
1.4884
1.1584
1.0725
1.9846
1.3047
1.8306
1.2188
1.7325
1.9619
1.3263
1.6395
1.6821
1.5764
1.8117
1.8599
1.9670
1.3246
1.8655
1.8096
1.6128
1.8467
1.4967
0.9440
1.4673
1.4614
1.8212
1.5166
2.0630
1.2883
1.6111
1.9618
1.6034
1.5980
1.5027
1.6539
1.9107
1.7518
1.7035
1.8748
1.7754
1.5817
1.6145
1.6883
1.3926
1.6933
1.8462
1.3839
1.4550
1.6159
1.2532
1.8504
1.4456
1.5422
1.4534
1.2246
1.3914
1.0712
1.9798
1.3179
1.9350
1.6700
1.4974
0.9160
1.3974
1.4511
1.3230
1.8281
0.9852
1.3151
0.9263
1.3288
1.7231
1.7325
1.1430
1.9988
1.7748
1.5721
1.8144
1.6980
1.0448
1.6914
1.3050
1.6535
1.3880
1.3535
1.2466
1.4251
1.9238
1.1159
1.7550
1.0766
1.3096
1.8530
1.0143
1.5378
1.4704
1.3144
1.8019
1.6980
1.2273
1.1808
1.1842
1.9820
1.9862
1.3726
1.2693
1.7699
1.1950
1.5639
1.7131
0.9948
1.0578
1.4499
1.3234
1.8699
1.2897
1.4185
0.9186
1.0556
1.5880
1.8191
1.4143
1.8981
1.1935
1.8677
1.4681
1.4446
1.5718
1.8455
0.9490
1.8810
1.7949
1.5728
1.8876
1.7770
1.6714
1.3489
1.8928
1.2308
1.0139
1.5852
1.0173
0.9838
1.1195
1.9644
1.5757
1.7778
1.5932
0.9128
0.9582
1.0440
0.9566
1.1396
1.7703
1.0542
1.1084
1.3583
1.6035
1.3616
1.9644
1.2591
1.0856
1.5789
1.0517
1.1310
1.6472
1.0576
1.7952
1.0536
1.8991
1.5102
1.8508
1.5214
1.1525
1.2745
1.0028
1.0034
1.2841
1.9453
1.9061
1.5166
1.7611
1.1945
1.0903
1.7097
1.9718
1.1498
1.7696
1.9711
1.8127
1.9990
1.8889
1.7907
1.2195
1.5592
1.8625
1.4884
1.1584
1.0725
1.9846
1.3047
1.8306
1.2188
1.7325
1.9619
1.3263
1.6395
1.6821
1.5764
1.8117
1.8599
1.9670
1.3246
1.8655
1.8096
1.6128
1.8467
1.4967
0.9440
1.4673
1.4614
1.8212
1.5166
1.9918
1.2883
1.6111
1.9618
1.6034
1.5980
1.5027
1.6539
1.8669
1.7518
1.7035
1.8748
1.7754
1.5817
1.6145
1.6883
1.3926
1.6933
1.8462
1.3839
1.4550
1.6159
1.2532
1.8504
1.4456
1.5422
1.4534
1.2246
1.3914
1.0712
1.9798
1.3179
1.9350
1.6700
1.4974
0.9160
1.3974
1.4511
1.3230
1.8281
0.9852
1.3151
0.9263
1.3288
1.7231
1.7325
1.1430
1.9988
1.7748
1.5721
1.8144
1.6980
1.0448
1.6914
1.3050
1.6535
1.3880
1.3535
1.2466
1.4251
1.9238
1.1159
1.7550
1.0766
1.3096
1.8530
1.0143
1.5378
1.4704
1.3144
1.8019
1.6980
1.2273
1.1808
1.1842
1.9820
1.9862
1.3726
1.2693
1.7699
1.1950
1.5639
1.7131
0.9948
1.0578
1.4499
1.3234
1.8699
1.2897
1.4185
0.9186
1.0556
1.5880
1.8191
1.4143
1.8981
1.1935
1.8677
1.4681
1.4446
1.5914
1.8455
0.9490
1.8810
1.7949
1.5728
1.8876
1.7770
1.6714
1.3489
1.8928
1.2308
1.0139
1.5852
1.0173
0.9838
1.1195
1.9644
1.5757
1.7778
1.5932
0.9128
0.9582
1.1113
0.9566
1.1396
1.7703
1.0542
1.1084
1.3583
1.6035
1.3616
1.9644
1.3359
1.0856
1.5789
1.0517
1.1310
1.6472
1.0576
1.7952
1.0536
1.8991
1.5102
1.8508
1.5214
1.1525
1.2745
1.0028
1.0034
1.1939
1.9453
1.9061
1.5166
1.7611
1.1945
1.0903
1.7097
1.9813
1.1498
1.7696
1.9711
1.8127
1.9990
1.8889
1.7907
1.2195
1.5592
1.8625
1.4884
1.1584
1.0725
1.9846
1.3047
1.8306
1.2188
1.7325
1.9619
1.3263
1.6395
1.6821
1.5764
1.8117
1.8599
1.9670
1.3246
1.8655
1.8096
1.6128
1.8467
1.4967
0.9440
1.4673
1.4614
1.8212
1.5166
2.0630
1.2883
1.6111
1.9618
1.6034
1.5980
1.5027
1.6539
1.8669
1.7518
1.7035
1.8748
1.7754
1.5817
1.6145
1.6883
1.3926
1.6933
1.8462
1.3839
1.4550
1.6159
1.2532
1.8504
1.4456
1.5422
1.4534
1.2246
1.3914
1.0712
1.9798
1.3179
1.9350
1.6700
1.4974
0.9160
1.3974
1.4511
1.3230
1.8281
0.9852
1.3151
0.9263
1.3288
1.7231
1.7325
1.1430
1.9988
1.7748
1.5721
1.8144
1.6980
1.0448
1.6914
1.3050
1.6535
1.3880
1.3535
1.2466
1.4251
1.9238
1.1159
1.7550
1.0766
1.3096
1.8530
1.0143
1.5378
1.4704
1.3144
1.8019
1.6980
1.2273
1.1808
1.1842
1.9820
1.9862
1.3726
1.2693
1.7699
1.1950
1.5639
1.7131
0.9948
1.0578
1.4499
1.3234
1.8699
1.2897
1.4185
0.9186
1.0556
1.5880
1.8191
1.4143
1.8981
1.2889
1.8677
1.4681
1.4446
1.5718
1.8455
0.9490
1.8810
1.7949
1.5728
1.8876
1.7770
1.6714
1.3489
1.8928
1.2308
1.0139
1.5852
1.0173
0.9838
1.1195
1.9644
1.5757
1.7778
1.5932
0.9128
0.9582
1.0440
0.9566
1.2068
1.7703
1.0542
1.1084
1.3583
1.6035
1.3616
1.9644
1.2591
1.0856
1.5789
1.0517
1.1310
1.6472
1.0576
1.7952
1.0536
1.8991
1.5102
1.8508
1.5214
1.1525
1.2745
1.0028
1.0530
1.1939
1.9453
1.9061
1.5166
1.7611
1.1945
1.0903
1.7097
1.9718
1.1498
1.7696
1.9711
1.8127
1.9990
1.8889
1.7907
1.2195
1.5592
1.8625
1.4884
1.1584
1.0725
1.9846
1.3047
1.8306
1.2188
1.7325
1.9619
1.3263
1.6395
1.6821
1.5764
1.8117
1.8599
1.9670
1.3246
1.8655
1.8096
1.6128
1.8467
1.5612
0.9440
1.4673
1.4614
1.8212
1.5166
1.9918
1.2883
1.6111
1.9618
1.6034
1.5980
1.5027
1.6539
1.8669
1.7518
1.7035
1.8748
1.7754
1.5817
1.6145
1.6883
1.3926
1.6933
1.8462
1.3839
1.4550
1.6159
1.2532
1.8504
1.4456
1.5422
1.4534
1.2246
1.3914
1.0712
1.9798
1.3179
1.9350
1.6700
1.4974
0.9160
1.3974
1.4511
1.3230
1.8281
0.9852
1.3151
0.9263
1.3288
1.7231
1.7325
1.2332
1.9988
1.7748
1.5721
1.8144
1.6980
1.0448
1.6914
1.3050
1.6535
1.3880
1.3535
1.2466
1.4251
1.9238
1.1159
1.7550
1.0766
1.3096
1.8530
1.0143
1.5378
1.4704
1.3144
1.8019
1.6980
1.2273
1.1808
1.1842
2.0634
1.9862
1.3726
1.2693
1.7699
1.1950
1.5639
1.7131
0.9948
1.0578
1.4499
1.3234
1.8699
1.2897
1.4185
0.9186
1.0556
1.5880
1.8191
1.4143
1.8981
1.1935
1.8677
1.4681
1.4446
1.5718
1.8455
0.9490
1.8810
1.7949
1.5728
1.8876
1.7770
1.6714
1.3489
1.8928
1.2308
1.0139
1.5852
1.0173
0.9838
1.1195
1.9644
1.5757
1.7778
1.5932
0.9128
0.9582
1.0440
0.9566
1.1396
1.7703
1.0542
1.1084
1.3583
1.6035
1.3616
1.9644
1.2591
1.0856
1.5789
1.0517
1.1310
1.6472
1.0576
1.7952
1.0536
1.8991
1.5102
1.8508
1.5214
1.1525
1.2745
1.0028
1.0034
1.1939
1.9453
1.9061
1.5166
1.7611
1.1945
1.0903
1.7279
1.9718
1.1498
1.7696
1.9711
1.8127
1.9990
1.8889
1.7907
1.2195
1.5592
1.8625
1.4884
1.1584
1.0725
1.9846
1.3047
1.8306
1.2188
1.7325
1.9619
1.3263
1.6395
1.6821
1.5764
1.8117
1.8599
1.9670
1.3246
1.8655
1.8096
1.6128
1.8467
1.4967
0.9440
1.4673
1.4614
1.8212
1.5166
2.0630
1.2883
1.6111
1.9618
1.6034
1.5980
1.5027
1.6539
1.8669
1.7518
1.7035
1.8748
1.7754
1.5817
1.6145
1.6883
1.3926
1.6933
1.8462
1.3839
1.4550
1.6411
1.2532
1.8504
1.4456
1.5422
1.4534
1.2246
1.3914
1.0712
1.9798
1.3179
1.9350
1.6700
1.4974
0.9160
1.3974
1.4511
1.3230
1.8281
0.9852
1.3151
0.9263
1.3288
1.7231
1.7325
1.1430
1.9988
1.7748
1.5721
1.8144
1.6980
1.0448
1.6914
1.3050
1.6535
1.3880
1.3535
1.2466
1.4251
1.9899
1.1159
1.7550
1.0766
1.3096
1.8530
1.0143
1.5378
1.4704
1.3144
1.8019
1.6980
1.2273
1.1808
1.1842
1.9820
1.9862
1.3726
1.2693
1.7699
1.1950
1.5639
1.7131
0.9948
1.0578
1.4499
1.3234
1.8699
1.2897
1.4185
0.9186
1.0556
1.5880
1.8191
1.4143
1.8981
1.1935
1.8677
1.4681
1.4446
1.5718
1.8455
0.9490
1.8810
1.7949
1.5728
1.8975
1.7770
1.6714
1.3489
1.8928
1.2308
1.0139
1.5852
1.0173
0.9838
1.1195
1.9644
1.5757
1.7778
1.5932
0.9128
0.9582
1.0440
0.9566
1.1396
1.7703
1.0542
1.1084
1.3583
1.6035
1.3616
1.9644
1.2591
1.0856
1.5789
1.0517
1.1310
1.6472
1.0576
1.7952
1.0536
1.8991
1.5102
1.8508
1.5214
1.1525
1.2745
1.0028
1.0034
1.1939
1.9453
1.9061
1.5166
1.7611
1.1945
1.0903
1.7097
1.9718
1.1498
1.7696
1.9711
1.8127
1.9990
1.8889
1.7907
1.2195
1.5592
1.8625
1.4884
1.1584
1.0725
1.9846
1.3047
1.8306
1.2188
1.7325
1.9619
1.3263
1.6395
1.6821
1.5764
1.8835
1.8599
1.9670
1.3246
1.8655
1.8096
1.6128
1.8467
1.4967
0.9440
1.4673
1.4614
1.8212
1.5166
1.9918
1.2883
1.6111
1.9618
1.6034
1.5980
1.5027
1.6539
1.8669
1.7518
1.7419
1.8913
1.7754
1.5817
1.6145
1.6883
1.3926
1.6933
1.8462
1.3839
1.4550
1.6159
1.2532
1.8504
1.4456
1.5422
1.4534
1.2246
1.3914
1.0712
1.9798
1.3179
1.9350
1.6700
1.4974
0.9160
1.3974
1.4511
1.3230
1.8281
0.9960
1.3151
0.9263
1.3288
1.7231
1.7325
1.1430
1.9988
1.7748
1.5721
1.8144
1.6980
1.0448
1.6914
1.3050
1.6535
1.3880
1.3535
1.2466
1.4251
1.9238
1.1159
1.7550
1.0766
1.3096
1.8530
1.0143
1.5378
1.4704
1.3144
1.8019
1.6980
1.2273
1.1808
1.1842
1.9820
1.9862
1.3726
1.2693
1.7699
1.1950
1.5639
1.7131
0.9948
1.0578
1.4499
1.3234
1.8699
1.2897
1.4185
0.9186
1.0556
1.5880
1.8191
1.4143
1.8981
1.1935
1.8677
1.4681
1.4446
1.5718
1.8455
0.9490
1.8810
1.7949
1.5728
1.8876
1.7770
1.6714
1.3489
1.8928
1.2308
1.0139
1.5852
1.0173
0.9838
1.1195
1.9644
1.5757
1.7778
1.5932
0.9128
0.9582
1.0440
0.9566
1.1396
1.7703
1.0542
1.1084
1.3583
1.6035
1.3616
1.9644
1.2591
1.0856
1.5789
1.0517
1.1310
1.6472
1.0576
1.7952
1.0536
1.8991
1.5102
1.8508
1.5214
1.1525
1.2745
1.0028
1.0034
1.1939
1.9453
1.9061
1.5166
1.7611
1.1945
1.0903
1.7097
1.9718
1.1498
1.7728
1.9711
1.8127
1.9990
1.8889
1.7907
1.2195
1.5592
1.8625
1.4884
1.1584
1.0725
1.9846
1.3047
1.8306
1.2188
1.7325
1.9619
1.3263
1.6395
1.6821
1.5764
1.8117
1.8599
1.9670
1.3246
1.8655
1.8096
1.6128
1.8467
1.4967
0.9440
1.4673
1.4614
1.8212
1.5166
2.0630
1.2883
1.6111
1.9618
1.6034
1.5980
1.5027
1.6539
1.8669
1.7518
1.7035
1.8748
1.7754
1.5817
1.6145
1.6883
1.3926
1.6933
1.8462
1.3839
1.4550
1.6159
1.2532
1.8504
1.4456
1.5422
1.4534
1.2246
1.3914
1.0712
1.9798
1.3179
1.9350
1.6700
1.4974
0.9160
1.3974
1.4511
1.3230
1.8281
0.9852
1.3151
0.9263
1.3288
1.7231
1.7325
1.1430
1.9988
1.7748
1.5721
1.8144
1.6980
1.0448
1.6914
1.3050
1.6535
1.3880
1.3535
1.2466
1.4251
1.9238
1.1159
1.8100
1.0766
1.3096
1.8530
1.0143
1.5378
1.4704
1.3144
1.8019
1.6980
1.2273
1.1808
1.1842
1.9820
1.9862
1.3726
1.2693
1.7699
1.2823
1.5639
1.7131
0.9948
1.0578
1.4499
1.3234
1.8699
1.2897
1.4185
0.9186
1.0556
1.5880
1.8191
1.4143
1.8981
1.1935
1.8677
1.4681
1.4446
1.5718
1.8455
0.9490
1.8810
1.7949
1.5728
1.8876
1.7770
1.6714
1.3489
1.8928
1.2308
1.0139
1.5852
1.0173
0.9838
1.1195
1.9644
1.5757
1.7778
1.5932
0.9128
0.9582
1.0440
0.9566
1.1396
1.7703
1.0542
1.1975
1.3583
1.6035
1.3616
1.9644
1.2591
1.0856
1.5789
1.0517
1.1310
1.6472
1.0576
1.7952
1.0536
1.8991
1.5102
1.8508
1.5214
1.1525
1.2745
1.0028
1.0034
1.1939
1.9453
1.5166
1.7611
1.5166
1.7325
1.7703
