1.9061
0.3959
0.5596
0.3594
0.6700
1.5166
1.7611
0.2441
0.6268
0.7161
0.2549
1.1945
0.2736
0.5905
0.3804
0.5932
0.4209
0.7796
0.4127
0.4221
1.0903
0.4843
0.5484
0.5012
1.7097
0.5768
0.5384
1.9718
0.3620
0.5475
1.1498
0.7192
1.7696
0.6298
1.9711
0.2773
0.6209
0.3881
1.8127
0.6634
0.7634
0.2934
1.9990
0.4548
0.4456
0.4219
1.8889
0.6393
0.6187
0.4597
0.2315
0.2030
0.3109
1.7907
0.5299
0.2684
0.2278
0.2994
1.2195
0.6322
0.2555
0.5791
0.4836
0.4706
0.5146
0.7194
0.2418
1.5592
1.8625
0.4272
0.4074
0.5278
0.2950
0.4958
0.7740
0.2143
0.6402
0.4376
1.4884
0.3525
0.3387
1.1584
1.0725
0.5111
1.9846
1.3047
0.4456
0.7357
0.5853
0.4495
0.7876
0.3202
0.3320
0.5287
0.3747
0.3210
0.6591
0.4355
0.5509
0.2493
0.5421
0.5138
0.5602
0.2831
1.8306
0.2780
1.2188
0.6754
0.2552
1.7325
0.2303
0.4348
0.6705
0.4565
1.9619
0.4916
0.3091
1.3263
0.7114
0.7400
0.4142
0.4736
1.6395
1.6821
0.5154
0.6680
1.5764
0.6821
0.7492
0.2395
0.4207
0.6418
0.3488
0.7641
0.3036
0.4772
0.6503
1.8117
0.4664
0.7308
0.2769
0.4360
1.8599
0.7190
0.5620
0.3074
0.3079
0.3380
0.2085
0.2609
0.5227
1.9670
0.3572
0.7659
0.4237
0.6899
0.7905
0.3020
0.4370
1.3246
0.7080
1.8655
0.4146
1.8096
0.3004
0.4426
0.3481
0.3906
1.6128
0.3061
0.2344
0.3221
0.3574
1.8467
0.3707
0.6027
0.2409
1.4967
0.9440
0.4527
0.6066
1.4673
0.3068
0.4544
0.5908
0.2451
0.5715
0.3814
0.4249
1.4614
0.3508
0.5817
0.3095
0.3525
0.6010
0.4397
0.2199
1.8212
0.7177
1.5166
0.6189
0.6555
0.4446
0.3139
0.4605
1.9918
0.6616
0.6038
1.2883
0.2827
0.7562
1.6111
1.9618
0.7708
0.3566
0.3850
0.5804
0.2620
0.2148
0.2409
1.6034
0.4397
0.5250
0.2553
1.5980
0.7015
0.4341
1.5027
0.7499
0.6434
0.3384
0.6848
0.2809
0.2059
0.4463
0.6325
0.2122
1.6539
0.5686
1.8669
0.6146
1.7518
0.5203
1.7035
0.5506
1.8748
1.7754
0.7530
0.3816
0.6330
0.2826
1.5817
0.4009
0.2075
0.4927
0.2765
1.6145
0.4075
0.4378
0.5949
0.6795
0.6369
0.4448
1.6883
0.7727
0.4097
0.5438
1.3926
0.7297
1.6933
1.8462
0.7356
0.6697
0.4580
0.4812
0.6664
0.2269
0.6154
0.6750
0.2407
0.7069
0.2995
0.5611
0.3248
0.7755
0.7467
0.5099
1.3839
1.4550
0.3986
0.3854
1.6159
0.5511
0.5468
0.3296
0.2392
0.4913
1.2532
0.6989
0.6586
0.2601
0.2929
0.2316
0.5295
0.3603
0.6742
0.4873
0.3579
0.3702
0.6041
0.7679
0.3405
0.4879
0.6033
0.4787
1.8504
0.5441
0.3738
1.4456
0.6123
0.7478
0.5999
0.4680
0.4764
0.5307
0.6783
0.3651
0.2777
0.4730
0.3311
0.7478
0.4119
0.7161
0.7830
1.5422
0.5734
1.4534
0.7582
0.2028
0.5816
1.2246
0.5792
0.4225
0.3028
0.5282
0.4991
0.3199
0.5524
0.4135
0.4557
1.3914
0.4299
0.6795
0.5175
0.5960
0.4422
0.3466
1.0712
1.9798
0.6605
0.4523
0.4224
0.2088
0.2656
0.4599
0.6231
0.7050
0.3622
0.2149
0.6384
1.3179
0.6469
0.4171
0.6766
0.7996
0.5048
0.2634
0.3003
0.7084
0.3528
0.6492
0.6680
1.9350
0.3363
0.7345
0.2866
0.3780
0.5071
1.6700
0.4054
0.2615
0.5277
1.4974
0.7180
0.5335
0.3849
0.6391
0.3444
0.4230
0.6593
0.3886
0.5290
0.7597
0.5526
0.9160
0.4929
0.2132
0.6404
0.3270
0.5143
0.7653
0.2707
1.3974
0.4240
1.4511
0.3604
0.3646
0.4290
0.5136
0.7057
1.3230
0.5675
0.3952
0.3954
0.3907
1.8281
0.7935
0.6466
0.6029
0.5802
0.7869
0.9852
0.5895
1.3151
0.4552
0.4149
0.6880
0.6120
0.4063
0.3440
0.3887
0.9263
0.4182
0.5750
0.5781
0.4243
0.6493
0.2096
1.3288
0.2100
1.7231
0.3645
0.2850
0.5857
0.5384
0.2896
1.7325
1.1430
0.5907
1.9988
1.7748
1.5721
0.3925
1.8144
1.6980
0.3487
0.6693
0.5353
0.3915
1.0448
0.5790
1.6914
0.7259
0.6771
0.6082
0.2170
1.3050
0.6088
0.5343
0.4596
0.2287
0.5243
1.6535
0.6544
0.4778
0.7502
0.6637
1.3880
0.7152
1.3535
0.5923
1.2466
1.4251
0.6628
0.5223
0.4645
1.9238
0.6439
0.5490
0.6767
1.1159
0.5038
1.7550
1.0766
1.3096
1.8530
0.4708
1.0143
0.2394
0.3407
0.5894
0.6920
0.6677
1.5378
1.4704
1.3144
0.6230
1.8019
0.7100
0.4597
0.5858
0.2031
1.6980
0.4312
1.2273
0.3677
1.1808
0.5318
0.5673
0.3613
1.1842
0.5912
0.4468
0.2667
0.4154
0.4728
1.9820
0.7210
0.5322
0.7532
0.6908
1.9862
1.3726
0.7719
0.3553
0.5607
1.2693
0.6648
0.7190
0.5954
0.6538
0.7875
0.4362
1.7699
1.1950
0.4865
0.2157
0.6529
0.3349
0.6902
0.2951
0.5183
0.2389
0.5273
0.3578
1.5639
0.2377
0.4547
0.7218
0.3851
0.2368
0.4486
0.7034
0.6960
0.2545
1.7131
0.4782
0.3308
0.2497
0.9948
0.6665
0.5368
1.0578
1.4499
0.7153
1.3234
1.8699
0.2142
0.6666
0.4639
1.2897
0.5447
1.4185
0.5814
0.7263
0.2018
0.7135
0.5738
0.2031
0.5132
0.6228
0.7964
0.5865
0.9186
0.2969
0.4767
0.6013
0.7322
0.2050
0.7687
0.7042
0.6630
0.4758
0.3573
0.6805
0.6188
0.2357
0.7665
0.4497
0.4535
1.0556
1.5880
0.4305
0.2018
0.2489
0.2310
0.4062
1.8191
0.6562
0.6888
0.7205
0.6905
0.6175
0.4113
0.2072
0.3876
1.4143
0.7788
0.7011
0.4143
0.5868
0.3715
1.8981
0.5611
0.4781
0.7763
1.1935
0.6489
0.4076
0.2818
0.4678
0.5569
1.8677
0.2936
0.7989
0.6677
1.4681
0.6569
0.6246
0.4691
0.5780
1.4446
0.3047
0.5606
1.5718
0.2876
0.3725
0.2777
0.7505
0.7250
0.2655
0.4226
0.5969
0.5452
0.5102
0.4446
0.3444
0.7713
0.4279
0.6331
0.7425
0.4256
0.3381
0.2168
0.7026
1.8455
0.5750
0.5531
0.4845
0.9490
0.2101
1.8810
0.7535
0.6127
1.7949
1.5728
0.7035
0.5248
0.2810
0.6723
0.4982
0.6566
0.5000
0.4946
0.3164
0.5071
0.6508
1.8876
1.7770
1.6714
1.3489
0.6663
0.4345
0.7451
0.2406
1.8928
0.3572
0.5580
0.6437
0.7390
0.6632
0.5321
0.5626
0.6730
0.4248
0.7591
0.7896
0.6864
0.6768
1.2308
1.0139
0.3026
0.6175
0.2478
0.6312
0.4416
0.3203
0.5785
0.7618
0.5580
0.5053
0.5903
0.4834
0.3775
0.7089
0.4562
0.3427
0.4017
0.7710
0.2510
0.4989
0.4536
0.6791
1.5852
0.6352
0.7553
1.0173
0.9838
0.3990
0.2859
0.4688
0.7247
1.1195
0.4210
0.7050
0.2360
0.7885
0.3014
0.3338
0.3861
0.6006
1.9644
0.3927
1.5757
1.7778
0.2146
1.5932
0.9128
0.7462
0.4841
0.9582
1.0440
0.3559
0.3756
0.7779
0.3714
0.5674
0.4416
0.3829
0.4686
0.2168
0.7992
0.3620
0.2945
0.6452
0.2224
0.6730
0.5129
0.2418
0.3996
0.4301
0.3779
0.5400
0.6528
0.2940
0.4667
0.2133
0.3105
0.4626
0.7284
0.4157
0.2460
0.5491
0.6369
0.3806
0.5286
0.6079
0.3356
0.4279
0.6171
0.2113
0.2547
0.8000
0.5537
0.3449
0.5363
0.2023
0.2570
0.7757
0.2802
0.2008
0.3264
0.7967
0.3565
0.4656
0.2989
0.2566
0.3304
0.2304
0.5211
0.7341
0.9566
0.7410
0.2095
0.2831
0.5617
0.2970
0.3315
0.7913
1.1396
0.5213
0.6006
0.7568
1.7703
0.5890
0.5099
0.2734
1.0542
0.7706
0.4885
0.6699
0.4893
1.1084
0.6866
0.7130
0.4255
0.4087
0.6622
0.2697
0.2289
0.7533
0.7291
0.2613
0.5559
1.3583
1.6035
0.2919
1.3616
0.7851
1.9644
0.4870
0.6538
0.3093
0.6045
0.7792
0.5958
0.3050
1.2591
0.6429
0.5373
0.6281
1.0856
0.6191
0.5387
0.7651
0.5558
1.5789
0.4975
0.6138
0.3991
0.4953
0.6990
0.5411
1.0517
1.1310
0.7935
0.5924
0.7922
1.6472
0.4902
0.7781
0.3513
0.7545
0.4823
1.0576
0.2477
0.6197
0.4274
0.2139
0.2287
0.2138
0.3598
0.7323
0.5729
0.4175
1.7952
0.7424
0.2483
0.2306
0.2770
0.4382
0.4238
0.4996
0.7382
0.4143
0.5501
0.4869
0.7022
0.2684
0.2051
0.2045
0.3820
1.0536
0.7201
0.6204
0.2516
0.4655
0.4150
1.8991
0.5267
1.5102
0.2012
0.4885
0.5310
0.6405
0.2033
1.8508
0.5394
1.5214
0.2681
0.2719
0.5996
0.2944
0.6166
0.7890
0.6386
0.3780
1.1525
0.7917
0.6070
0.5521
0.3840
1.2745
0.5309
0.2912
0.6816
0.4910
0.4041
0.4770
0.2241
1.0028
0.2357
0.5363
0.3396
0.6566
0.7898
0.6253
0.5080
0.4808
0.3495
0.6258
0.6696
0.4778
1.0034
1.1939
0.3559
0.4160
1.9453
0.5511
0.4296
